function [ Jp2 ] = rect_nonhom_predetJ_bi_patch( XX,YY,Z,xi )
%Maple output for computing rectangular area Jacobian^2
t1 = YY(2);
t2 = (t1 ^ 2);
t3 = YY(4);
t6 = (t3 ^ 2);
t10 = ((Z(1) - Z(2)) ^ 2);
t12 = XX(1);
t13 = (t12 ^ 2);
t15 = XX(2);
t16 = XX(4);
t20 = YY(1);
t23 = YY(3);
t25 = (t23 * t3);
t29 = XX(3);
t32 = (t3 * t29);
t34 = (t16 * t23);
t35 = 2 * t34;
t38 = (-t6 - t10);
t41 = (t25 + t10);
t42 = (t41 * t16);
t46 = (t15 ^ 2);
t49 = (t16 ^ 2);
t51 = (t20 ^ 2);
t55 = (t29 * t1);
t57 = 2 * t32;
t58 = 4 * t34;
t61 = (t29 * t16);
t67 = (-t49 - t10);
t70 = (t3 * t10);
t74 = (t23 ^ 2);
t75 = (t74 + t10);
t79 = 2 * t41;
t80 = t79 * t29;
t82 = 2 * t16 * t75;
t85 = t29 ^ 2;
t88 = t3 * t85;
t89 = (t61 * t23);
t90 = t3 - t23;
t91 = t10 * t90;
t105 = (-2 * t1 * t3 + t10 + t2 + t6) * t13 + (2 * (t15 - t16) * (t3 - t1) * t20 + (2 * t1 * t23 - 2 * t10 - 2 * t25) * t15 - 2 * t29 * t2 + (4 * t32 - t35) * t1 + 2 * t38 * t29 + 2 * t42) * t12 + (-2 * t15 * t16 + t10 + t46 + t49) * t51 + (-2 * t23 * t46 + (2 * t55 - t57 + t58) * t15 + (-2 * t61 - 2 * t10) * t1 + 2 * t32 * t16 + 2 * t67 * t23 + 2 * t70) * t20 + t75 * t46 + (-2 * t55 * t23 + t80 - t82) * t15 + (t85 + t10) * t2 + (-2 * t88 + 2 * t89 - 2 * t91) * t1 - t38 * t85 - 2 * t42 * t29 - t67 * t74 - 2 * t70 * t23 + (t49 + t6) * t10;
t106 = xi(2);
t107 = (t106 ^ 2);
t110 = 2 * t90;
t111 = xi(1);
t112 = t110 * t111;
t113 = 2 * t3;
t114 = 2 * t23;
t120 = 2 * t25;
t121 = 2 * t10;
t126 = -t110 * t111;
t129 = t29 - t16;
t130 = 2 * t129;
t131 = t130 * t111;
t132 = 2 * t29;
t133 = 2 * t16;
t144 = 4 * t23;
t150 = 2 * t74;
t151 = 4 * t10;
t155 = -t130 * t111;
t156 = 4 * t29;
t159 = t29 * t23;
t163 = (-2 * t16 * t3 + 2 * t159) * t111;
t169 = t32 - t34;
t172 = 2 * t90 * t169 * t111;
t181 = 2 * t61;
t198 = t129 * t169 * t111;
t206 = t23 * t90 * t111;
t222 = t29 * t129 * t111;
t230 = t126 - t114;
t232 = t90 ^ 2;
t233 = t111 ^ 2;
t234 = t232 * t233;
t235 = 2 * t206;
t238 = t90 * t111;
t239 = -t1 + t238 + t23;
t240 = t129 * t111;
t251 = t240 - t29;
t259 = t129 ^ 2;
t260 = t259 * t233;
t261 = 2 * t222;
t269 = t260 - t261 + t85 + t10;
Jp2 = (t105 * t107) + (((-2 * t2 + (t112 + t113 + t114) * t1 - 2 * t3 * t90 * t111 - t120 - t121) * t13) + ((((4 * t1 + t126 - t113 - t114) * t15) + ((t131 - t132 - t133) * t1) + (-t57 + 0.4e1 * t16 * (t3 - t23 / 0.2e1)) * t111 + t57 + t35) * t20 + (((t126 - t144) * t1 + (-2 * t74 + 2 * t6) * t111 + t150 + t120 + t151) * t15) + ((t155 + t156) * t2) + ((t163 + (-4 * t3 - t114) * t29 + t35) * t1) + t172 + t80 - t82) * t12 + ((-2 * t46 + (t155 + t132 + t133) * t15 + 2 * t16 * t129 * t111 - t181 - t121) * t51) + (((t112 + t144) * t46 + ((t131 - t156) * t1 + t163 + t110 * t29 - t58) * t15 + ((-2 * t85 + 2 * t49) * t111 + 2 * t85 + t181 + t151) * t1 + 2 * t198 - 2 * t88 + 2 * t89 - 2 * t91) * t20) + ((-2 * t206 - 2 * t74 - 2 * t10) * t46) + (((((t113 - t144) * t29 + t35) * t111 + 4 * t159) * t1 - t172 - t79 * t29 + t82) * t15) + (2 * ((t222 - t85 - t10) * t1 - t198 + t88 - t89 + t91) * t1)) * t106 + ((t230 * t1 + t10 + t2 + t234 + t235 + t74) * t13) + ((2 * t239 * (t15 + t240 - t29) * t20 + ((t112 + t114) * t1 - 2 * t234 - 4 * t206 - t150 - t121) * t15 - 2 * t239 * t251 * t1) * t12) + ((t46 + (t131 - t132) * t15 + t260 - t261 + t85 + t10) * t51) + ((t230 * t46 - 2 * t251 * (t1 + t238 + t23) * t15 - 2 * t269 * t1) * t20) + ((t234 + t235 + t74 + t10) * t46) + (2 * t251 * (t238 + t23) * t1 * t15) + (t269 * t2);



end

